name: Gym
latitude: 33.09901
longitude: -96.796126
radius: 40