name: Home
latitude: 33.09886250000001
longitude: -96.81774609374999
radius: 105
icon: mdi:home-outline