name: NTT
latitude: 33.0060825
longitude: -96.74001171875
radius: 300